  0.0333  14.7213   0.3758   2.9397   3.6823  -38.9556 
  0.0667  11.0640   0.5585   2.9397   3.6823  -25.3792 
  0.1000   9.1972   0.7254   2.9397   3.6823  -18.5029 
  0.1333   7.9249   0.8922   2.9397   3.6823  -13.9095 
  0.1667   6.9501   1.0634   2.9397   3.6823  -10.5029 
  0.2000   6.1587   1.2406   2.9397   3.6823   -7.8600 
  0.2333   5.4950   1.4237   2.9397   3.6823   -5.7715 
  0.2667   4.9274   1.6126   2.9397   3.6823   -4.1139 
  0.3000   4.4354   1.8069   2.9397   3.6823   -2.8051 
  0.3333   4.0049   2.0062   2.9397   3.6823   -1.7855 
  0.3667   3.6255   2.2103   2.9397   3.6823   -1.0095 
  0.4000   3.2891   2.4193   2.9397   3.6823   -0.4413 
  0.4333   2.9892   2.6334   2.9397   3.6823   -0.0520 
  0.4667   2.7207   2.8530   2.9397   3.6823    0.1816 
  0.5000   2.4792   3.0788   2.9397   3.6823    0.2779 
  0.5333   2.2609   3.3121   2.9397   3.6823    0.2513 
  0.5667   2.0627   3.5544   2.9397   3.6823    0.1122 
  0.6000   1.8818   3.8076   2.9397   3.6823   -0.1325 
  0.6333   1.7159   4.0747   2.9397   3.6823   -0.4802 
  0.6667   1.5625   4.3596   2.9397   3.6823   -0.9327 
  0.7000   1.4199   4.6678   2.9397   3.6823   -1.4977 
  0.7333   1.2859   5.0071   2.9397   3.6823   -2.1910 
  0.7667   1.1587   5.3895   2.9397   3.6823   -3.0404 
  0.8000   1.0362   5.8333   2.9397   3.6823   -4.0942 
  0.8333   0.9164   6.3695   2.9397   3.6823   -5.4370 
  0.8667   0.7962   7.0546   2.9397   3.6823   -7.2285 
  0.9000   0.6717   8.0069   2.9397   3.6823   -9.8079 
  0.9333   0.5359   9.5323   2.9397   3.6823  -14.0619 
  0.9667   0.3715  12.8483   2.9397   3.6823  -23.5397 
